# Game Level Exporter v1.0
LIGHT
Light
<Matrix 4x4 (-0.2909, -0.0552,  0.9552, 0.0000)
            (-0.7711,  0.6045, -0.1999, 0.0000)
            (-0.5664, -0.7947, -0.2184, 0.0000)
            ( 4.0762,  5.9039,  1.0055, 1.0000)>
CAMERA
Camera
<Matrix 4x4 ( 0.6859,  0.0000,  0.7277, 0.0000)
            (-0.3240,  0.8954,  0.3054, 0.0000)
            (-0.6516, -0.4453,  0.6142, 0.0000)
            ( 7.3589,  4.9583, -6.9258, 1.0000)>
MESH
Kitchen_Sink
<Matrix 4x4 ( 0.8000, 0.0000,  0.0000, 0.0000)
            ( 0.0000, 0.8000, -0.0000, 0.0000)
            ( 0.0000, 0.0000,  0.8000, 0.0000)
            (-1.2325, 0.1119,  1.9942, 1.0000)>
MESH
Kitchen_Oven_Large
<Matrix 4x4 (-0.0001, 0.0000, -0.8000, 0.0000)
            (-0.0000, 0.8000,  0.0000, 0.0000)
            ( 0.8000, 0.0000, -0.0001, 0.0000)
            ( 2.2037, 0.1028,  0.2326, 1.0000)>
MESH
Kitchen_Fridge
<Matrix 4x4 (0.8000, 0.0000,  0.0000, 0.0000)
            (0.0000, 0.8000, -0.0000, 0.0000)
            (0.0000, 0.0000,  0.8000, 0.0000)
            (0.5229, 0.1115,  1.9360, 1.0000)>
MESH
Kitchen_CabinetSmall.002
<Matrix 4x4 (-0.0122,  0.0077, 0.7999, 0.0000)
            (-0.0000, -0.8000, 0.0077, 0.0000)
            ( 0.7999,  0.0001, 0.0122, 0.0000)
            ( 2.4030,  3.3892, 0.5189, 1.0000)>
MESH
Kitchen_CabinetSmall.001
<Matrix 4x4 (-0.0122, 0.0000, -0.7999, 0.0000)
            (-0.0000, 0.8000,  0.0000, 0.0000)
            ( 0.7999, 0.0000, -0.0122, 0.0000)
            ( 2.4157, 2.6177, -0.1896, 1.0000)>
MESH
Kitchen_Cabinet2
<Matrix 4x4 (-0.0037, 0.0000, -0.8000, 0.0000)
            (-0.0000, 0.8000,  0.0000, 0.0000)
            ( 0.8000, 0.0000, -0.0037, 0.0000)
            ( 2.2471, 2.1105, -0.9261, 1.0000)>
MESH
Kitchen_Cabinet1
<Matrix 4x4 ( 0.0123, 0.0000, -0.7999, 0.0000)
            (-0.0000, 0.8000, -0.0000, 0.0000)
            ( 0.7999, 0.0000,  0.0123, 0.0000)
            ( 2.3287, 2.1190,  1.2583, 1.0000)>
MESH
Kitchen_3Drawers.002
<Matrix 4x4 (-0.0071, 0.0000, -1.0000, 0.0000)
            (-0.0000, 0.8000,  0.0000, 0.0000)
            ( 0.8000, 0.0000, -0.0057, 0.0000)
            ( 2.2643, 0.1024, -0.7487, 1.0000)>
MESH
Kitchen_3Drawers.001
<Matrix 4x4 (0.8000, 0.0000,  0.0000, 0.0000)
            (0.0000, 0.8000, -0.0000, 0.0000)
            (0.0000, 0.0000,  0.8000, 0.0000)
            (1.4535, 0.1024,  1.9965, 1.0000)>
MESH
Kitchen_3Drawers
<Matrix 4x4 ( 0.8000, 0.0000,  0.0000, 0.0000)
            ( 0.0000, 0.8000, -0.0000, 0.0000)
            ( 0.0000, 0.0000,  0.8000, 0.0000)
            (-2.0338, 0.1024,  1.9965, 1.0000)>
MESH
Kitchen_2Drawers
<Matrix 4x4 (-0.0008, 0.0000, -1.5000, 0.0000)
            (-0.0000, 0.8000,  0.0000, 0.0000)
            ( 0.8000, 0.0000, -0.0004, 0.0000)
            ( 2.2638, 0.1021, -2.0035, 1.0000)>
MESH
Kitchen_1Drawers.002
<Matrix 4x4 (-0.0138, 0.0000, -0.7999, 0.0000)
            (-0.0000, 0.8000,  0.0000, 0.0000)
            ( 0.7999, 0.0000, -0.0138, 0.0000)
            ( 2.2712, 0.1060,  1.0886, 1.0000)>
MESH
Kitchen_1Drawers.001
<Matrix 4x4 (0.8000, 0.0000,  0.0000, 0.0000)
            (0.0000, 0.8000, -0.0000, 0.0000)
            (0.0000, 0.0000,  0.8000, 0.0000)
            (2.2594, 0.1060,  1.9943, 1.0000)>
MESH
Kitchen_1Drawers
<Matrix 4x4 ( 0.8000, 0.0000,  0.0000, 0.0000)
            ( 0.0000, 0.8000, -0.0000, 0.0000)
            ( 0.0000, 0.0000,  0.8000, 0.0000)
            (-0.4262, 0.1060,  1.9943, 1.0000)>
MESH
Carpet_2
<Matrix 4x4 ( 2.5000, 0.0000,  0.0000, 0.0000)
            ( 0.0000, 2.5000, -0.0000, 0.0000)
            ( 0.0000, 0.0000,  2.5000, 0.0000)
            (-0.1781, 0.0520, -0.3057, 1.0000)>
MESH
Table_RoundSmall
<Matrix 4x4 ( 0.8000, 0.0000,  0.0000, 0.0000)
            ( 0.0000, 0.8000, -0.0000, 0.0000)
            ( 0.0000, 0.0000,  0.8000, 0.0000)
            (-1.1840, 0.0000, -0.9935, 1.0000)>
MESH
Chair_4
<Matrix 4x4 ( 0.7069, 0.0000,  0.3746, 0.0000)
            ( 0.0000, 0.8000, -0.0000, 0.0000)
            (-0.3746, 0.0000,  0.7069, 0.0000)
            (-1.6603, 0.0000,  0.0000, 1.0000)>
MESH
Chair_4.001
<Matrix 4x4 (-0.7991, 0.0000,  0.0381, 0.0000)
            ( 0.0000, 0.8000,  0.0000, 0.0000)
            (-0.0381, 0.0000, -0.7991, 0.0000)
            (-0.7757, 0.0000, -2.1910, 1.0000)>
MESH
Chair_4.002
<Matrix 4x4 (-0.5181, 0.0000,  0.6096, 0.0000)
            ( 0.0000, 0.8000,  0.0000, 0.0000)
            (-0.6096, 0.0000, -0.5181, 0.0000)
            (-2.2183, 0.0000, -1.6195, 1.0000)>
MESH
Houseplant_3
<Matrix 4x4 (0.8000, 0.0000,  0.0000, 0.0000)
            (0.0000, 0.8000, -0.0000, 0.0000)
            (0.0000, 0.0000,  0.8000, 0.0000)
            (2.3051, 1.3821, -2.4466, 1.0000)>
MESH
Houseplant_7
<Matrix 4x4 ( 0.8000, 0.0000,  0.0000, 0.0000)
            ( 0.0000, 0.8000, -0.0000, 0.0000)
            ( 0.0000, 0.0000,  0.8000, 0.0000)
            (-1.2248, 0.8982, -0.9090, 1.0000)>
