# Game Level Exporter v1.0
LIGHT
Light
<Matrix 4x4 (-0.2909, -0.0552,  0.9552, 0.0000)
            (-0.7711,  0.6045, -0.1999, 0.0000)
            (-0.5664, -0.7947, -0.2184, 0.0000)
            ( 4.0762,  5.9039,  1.0055, 1.0000)>
CAMERA
Camera
<Matrix 4x4 ( 0.6859,  0.0000,  0.7277, 0.0000)
            (-0.3240,  0.8954,  0.3054, 0.0000)
            (-0.6516, -0.4453,  0.6142, 0.0000)
            ( 7.3589,  4.9583, -6.9258, 1.0000)>
MESH
Table_RoundSmall
<Matrix 4x4 (0.8000, 0.0000,  0.0000, 0.0000)
            (0.0000, 0.8000, -0.0000, 0.0000)
            (0.0000, 0.0000,  0.8000, 0.0000)
            (5.3892, 0.7848,  1.1486, 1.0000)>
MESH
ModularStoneWall_top.031
<Matrix 4x4 (-1.0000, 0.0000, -0.0034, 0.0000)
            (-0.0000, 1.0000,  0.0000, 0.0000)
            ( 0.0034, 0.0000, -1.0000, 0.0000)
            ( 6.1163, 2.9949,  7.2312, 1.0000)>
MESH
ModularStoneWall_top.030
<Matrix 4x4 (-1.0000, 0.0000, -0.0034, 0.0000)
            (-0.0000, 1.0000,  0.0000, 0.0000)
            ( 0.0034, 0.0000, -1.0000, 0.0000)
            ( 6.1246, 2.9949,  5.1974, 1.0000)>
MESH
ModularStoneWall_top.029
<Matrix 4x4 (-1.0000, 0.0000, -0.0034, 0.0000)
            (-0.0000, 1.0000,  0.0000, 0.0000)
            ( 0.0034, 0.0000, -1.0000, 0.0000)
            ( 6.1319, 2.9949,  3.1616, 1.0000)>
MESH
ModularStoneWall_top.028
<Matrix 4x4 (-1.0000, 0.0000, -0.0034, 0.0000)
            (-0.0000, 1.0000,  0.0000, 0.0000)
            ( 0.0034, 0.0000, -1.0000, 0.0000)
            ( 6.1340, 2.9949,  1.1488, 1.0000)>
MESH
ModularStoneWall_top.010
<Matrix 4x4 ( 0.0010, 0.0000, -1.0000, 0.0000)
            (-0.0000, 1.0000, -0.0000, 0.0000)
            ( 1.0000, 0.0000,  0.0010, 0.0000)
            ( 4.9832, 2.9949,  8.2918, 1.0000)>
MESH
ModularStoneWall.031
<Matrix 4x4 (-1.0000, 0.0000, -0.0034, 0.0000)
            (-0.0000, 1.0000,  0.0000, 0.0000)
            ( 0.0034, 0.0000, -1.0000, 0.0000)
            ( 6.1163, 0.9838,  7.2312, 1.0000)>
MESH
ModularStoneWall.030
<Matrix 4x4 (-1.0000, 0.0000, -0.0034, 0.0000)
            (-0.0000, 1.0000,  0.0000, 0.0000)
            ( 0.0034, 0.0000, -1.0000, 0.0000)
            ( 6.1290, 0.9838,  5.2023, 1.0000)>
MESH
ModularStoneWall.029
<Matrix 4x4 (-1.0000, 0.0000, -0.0034, 0.0000)
            (-0.0000, 1.0000,  0.0000, 0.0000)
            ( 0.0034, 0.0000, -1.0000, 0.0000)
            ( 6.1319, 0.9838,  3.1616, 1.0000)>
MESH
ModularStoneWall.028
<Matrix 4x4 (-1.0000, 0.0000, -0.0034, 0.0000)
            (-0.0000, 1.0000,  0.0000, 0.0000)
            ( 0.0034, 0.0000, -1.0000, 0.0000)
            ( 6.1340, 0.9838,  1.1488, 1.0000)>
MESH
ModularStoneWall.011
<Matrix 4x4 ( 0.0010, 0.0000, -1.0000, 0.0000)
            (-0.0000, 1.0000, -0.0000, 0.0000)
            ( 1.0000, 0.0000,  0.0010, 0.0000)
            ( 2.9494, 0.9838,  8.2883, 1.0000)>
MESH
ModularStoneWall.010
<Matrix 4x4 ( 0.0010, 0.0000, -1.0000, 0.0000)
            (-0.0000, 1.0000, -0.0000, 0.0000)
            ( 1.0000, 0.0000,  0.0010, 0.0000)
            ( 4.9783, 0.9838,  8.2961, 1.0000)>
MESH
ModularFloor.003
<Matrix 4x4 (2.1000, 0.0000,  0.0000, 0.0000)
            (0.0000, 2.1000, -0.0000, 0.0000)
            (0.0000, 0.0000,  2.1000, 0.0000)
            (4.2475, 0.0000,  2.0944, 1.0000)>
MESH
ModularFloor.002
<Matrix 4x4 (2.1000, 0.0000,  0.0000, 0.0000)
            (0.0000, 2.1000, -0.0000, 0.0000)
            (0.0000, 0.0000,  2.1000, 0.0000)
            (4.2475, 0.0000,  6.1815, 1.0000)>
MESH
ModularColumn_middle.017
<Matrix 4x4 (1.0000, 0.0000,  0.0000, 0.0000)
            (0.0000, 1.0000, -0.0000, 0.0000)
            (0.0000, 0.0000,  1.0000, 0.0000)
            (6.4287, 0.5753,  8.6024, 1.0000)>
MESH
ModularColumn_middle.016
<Matrix 4x4 (1.0000, 0.0000,  0.0000, 0.0000)
            (0.0000, 1.0000, -0.0000, 0.0000)
            (0.0000, 0.0000,  1.0000, 0.0000)
            (6.4287, 1.0915,  8.6024, 1.0000)>
MESH
ModularColumn_middle.015
<Matrix 4x4 (1.0000, 0.0000,  0.0000, 0.0000)
            (0.0000, 1.0000, -0.0000, 0.0000)
            (0.0000, 0.0000,  1.0000, 0.0000)
            (6.4287, 1.6040,  8.6024, 1.0000)>
MESH
ModularColumn_bottom.002
<Matrix 4x4 (1.0000, 0.0000,  0.0000, 0.0000)
            (0.0000, 1.0000, -0.0000, 0.0000)
            (0.0000, 0.0000,  1.0000, 0.0000)
            (6.4270, 0.0001,  8.6106, 1.0000)>
MESH
Houseplant_7
<Matrix 4x4 ( 1.1244, 0.0000, -0.9929, 0.0000)
            (-0.0000, 1.5000, -0.0000, 0.0000)
            ( 0.9929, 0.0000,  1.1244, 0.0000)
            ( 4.7977, 0.7504,  7.2731, 1.0000)>
MESH
Couch_L
<Matrix 4x4 (-0.0025, 0.0000, -0.8000, 0.0000)
            (-0.0000, 0.8000,  0.0000, 0.0000)
            ( 0.8000, 0.0000, -0.0025, 0.0000)
            ( 4.9042, 0.7476,  3.7101, 1.0000)>
MESH
Carpet_1
<Matrix 4x4 (1.0000, 0.0000,  0.0000, 0.0000)
            (0.0000, 1.0000, -0.0000, 0.0000)
            (0.0000, 0.0000,  1.0000, 0.0000)
            (3.0147, 0.7814,  5.0692, 1.0000)>
